0 0 1
1 4
2 5 6 8
3 14 10 11 9 13
4 15
5 20 23 21 22 19 17 18
6 25 26
7 28 27 19 17
8 30 32 13
9 9
10 33
11 43 5 37 38 44 40 41 45 36 42
12 46
13 49
14 14 50 11
15 56 57 52 53 51 54
16 59
17 11 37 12
18 31 60
19 61
20 27 9 64
21 66 67
22 69 21 68 27 18
23 70 25
24 71
25 73
26 11 9
27 76
28 78
29 79 72
30 80
31 81 9 86 13 84 85 14 82
32 87
33 21 25 90 69 88
34 91 92 69 21 25
35 93 102 99 96 98 97 100 101
36 103 104
37 13
38 77 108
39 15 110 109 111
40 113
41 106
42 82
43 115
44 117
45 118
46 12
47 120 121
48 123 126 122 107 9 11 124
49 130 128 131 27 127
50 133
51 133
52 134 136
53 19 20
54 140 139
55 9 141
56 27
57 130 27 143
58 25 144 90 145
59 27 11
60 148
61 151 152 150 149
62 156 107 145 155
63 159 162 161 158 160
64 27 164 165
65 27
66 166
67 169 168 167
68 4 171
69 122 173 172 27 174 11 103 23
70 175
71 120
72 179
73 181 185 180 182 183
74 25
75 188
76 27
77 116
78 106
79 189
80 107 145 154 191
81 130
82 11
83 9
84 13 11 17
85 11 9 13
86 154
87 191
88 9 83 11 10 196
89 11 9
90 7 203 198 199 200 201 202
91 3
92 27 206
93 9 107 11
94 208 31
95 209
96 210
97 11 189 196
98 103
99 11 118 30
100 10 212 11
101 214 215 213 216
102 9
103 220 217 218
104 222 27
105 223
106 79
107 228 226 227 7
108 13 229 11
109 230 222
110 222 122 221 11
111 13 222 232
112 229
113 233
114 126 107 234
115 13 193
116 236
117 238
118 240 27
119 242
120 243 244 9
121 243
122 246
123 250 248 247 44 251 249 233 252
124 9
125 255
126 117
127 257 12
128 229 258
129 27
130 261
131 261
132 30 267 11 211 264 266 263
133 268 12 122
134 229 173 272 271 270 31 43 209 130 30 11
135 273
136 275
137 93 19 277 198
138 278 279 212 9
139 9 280
140 158
141 160
142 157
143 9 268 160 157
144 157
145 160
146 158 157 160
147 286 157
148 11 157 9
149 288 160 287
150 288 160 157
151 157
152 29
153 290
154 293 292 274 199 297 294 291 268 198 43 226 295
155 199 7 299 200 198
156 300
157 143 27
158 122 303 11 9 306 268 304
159 122 11 305 268 306 303 9
160 13 307
161 50
162 308 142 310 309 311
163 312
164 27
165 315 313 314
166 176
167 198
168 317
169 9
170 12 9
171 318 130 194
172 322 330 329 328 320 319 176 323 321 324 326 116
173 331
174 116
175 176 27 302
176 334 107
177 302 176 27
178 7 268
179 337
180 27 338
181 339
182 272
183 342 343
184 341
185 343
186 344 345
187 343
188 346 9
189 9 27
190 67
191 11 348 347
192 27 30
193 349 107
194 344
195 351
196 30 143 315
197 143
198 353
199 12 212 9
200 173 69 11 31 354
201 355
202 355
203 7 27 31
204 358
205 359
206 315 362 9 12 122 361 363
207 27 9 30
208 364
209 29
210 367
211 368 370 297 43
212 117 371
213 116
214 196
215 309
216 27
217 374 11
218 295
219 7 198
220 143
221 375
222 27
223 151 379 378
224 151 378
225 380 27 357
226 130 27
227 116 13
228 13
229 13
230 368
231 212 9 12
232 29
233 382 383 384
234 10 27 11 229 146 9 302
235 116
236 386 387
237 390 388 316
238 391 392 27
239 11 9
240 107 30 393
241 344 108
242 107
243 394 395 396 397 400 378 151 379
244 13
245 9 122 10
246 107 312
247 173 13 403 405 194 402
248 272
249 406 408
250 208 27
251 25
252 117 14 13 11 116 50
253 269 85 13 10
254 410 30 9 411 412
255 413 406 407
256 11
257 11
258 27
259 27
260 414 9
261 415
262 13
263 151 378
264 10
265 312 107
266 418
267 379 423 110 424 118 419 421 420
268 11 9
269 27
270 229 11 87 122
271 18
272 27 119
273 4
274 27
275 27
276 116
277 23
278 428
279 344 27 338 430
280 431
281 27
282 433
283 446 444 441 439 438 442 440 435 443 436 434 448 9 37 119 445
284 295 194
285 27 10
286 27
287 449 11
288 11
289 12 11 450
290 451
291 453
292 456 454
293 457 371
294 458
295 31 208 27
296 17
297 460
298 27
299 222
300 9
301 31 344 461 27 126 173
302 4 171 316
303 11 309 13
304 27
305 19 30
306 464 255
307 107
308 467
309 9
310 338 13 118 173 344 309 122 9 469 87
311 470 9
312 30 211 472 473 200 198 43 7 11
313 474
314 475
315 272
316 344 27
317 11
318 13
319 9
320 229 477 142
321 13 196 371 116 264
322 480 479 27 11 35 172 146 242
323 85
324 348 482
325 126
326 126
327 116
328 30 484 483
329 9 27
330 485 7 27 333 234 122 28 299 387 309 255 211
331 297
332 13 116
333 18
334 142 27
335 490 489 107 493 492 491 488 21 228
336 27
337 13 9
338 495
339 234
340 13 497
341 83 212 498 11 12 122
342 357 27
343 9 11
344 500 349 107 350
345 501
346 229 263 425
347 194
348 193 194 9
349 18 503
350 12
351 13
352 507 506
353 508 509
354 9
355 371
356 13 514 513 512
357 11 197 116 27
358 516
359 116
360 229 11
361 27
362 229 402
363 11 122 173 212 27 73 12
364 430
365 9
366 10
367 27
368 209
369 517
370 518 28
371 240
372 519 430
373 347 143 357 521 27
374 522
375 499
376 527 13 526 11 10 142 530 525 529 9 528
377 27 428
378 30 263
379 229
380 12 11
381 533
382 43 535 263 532
383 536
384 119 263 27 11
385 117 450 116 13
386 9 263 122 11 13 212 10
387 537
388 9
389 539 450 518 538 28
390 350 126 9 541 263 349 28
391 347
392 11
393 146
394 544 543
395 316 4 545 171
396 512
397 142 117
398 386 309 547 246
399 548 300 549 23 550
400 11 10
401 516
402 229 316
403 11
404 9 30 13 11 10
405 552 551
406 270
407 107
408 353
409 13
410 208 27
411 11 117 116 263
412 554
413 555 27
414 11
415 27
416 357 450 347 518 556
417 263
418 402 9
419 11
420 13
421 557 302 13 9 211 463
422 7 200 199 43
423 142
424 13 117
425 558
426 11
427 559
428 13
429 13
430 560
431 196 269
432 11 116
433 11
434 297 29
435 27
436 4
437 460 27 562 316 563 514
438 29
439 143 27 430 431 428 344 565 13
440 566 130 460 27 344
441 11 13
442 21 490 570 573 571 572 568 489 569 191 25 487 118 107 145
443 117 13 116 497
444 203 43 369
445 465
446 122 27
447 29
448 30 9 13
449 431 43 27
450 29
451 10 30
452 119
453 27 4
454 297
455 30 142
456 107 9
457 27
458 83 13 11 122 575
459 13
460 9 13
461 576 229 143 308 27
462 9 29
463 27
464 13 117
465 29 297 11
466 87 27
467 297
468 27 302
469 116 579 580 13 578
470 43
471 584 581 583
472 17 590 361 198 363 10 592 116 306 29 587 585 244 305 588 589 87 269 591 12 498 586 279 130 593 196 13 30
473 595
474 402 463
475 596 309
476 11 309 13
477 9 597
478 11
479 569 25 21 90
480 30 11 13
481 13 43 9
482 599
483 11
484 600 27 344 43 263
485 27 31
486 602 142 13 246 9 27 302 344
487 246 9
488 27 604
489 263
490 244 605 347
491 21
492 30 11 27 9
493 27
494 27 9
495 12 606 11
496 27
497 609
498 11 128
499 107
500 13
501 27
502 610 347 173
503 155
504 208 27
505 9
506 27
507 11 611 518 19
508 612
509 9 613 11 532
510 344
511 518 197 450 605 229 17 562 7
512 315 502
513 30 11
514 615 77 107 335
515 9 347
516 9
517 9 27 523
518 616
519 617 27 9
520 130
521 620
522 621 126
523 11
524 13
525 624 623 625
526 11
527 627 626
528 603
529 9 27 11
530 198 27 555
531 27
532 361 631 632 630
533 13
534 634
535 122
536 9 27
537 9
538 143 118 19 11
539 43
540 635 29 636 616
541 35 13 637 14 43 480
542 444
543 116 578
544 27 639
545 347
546 641 9 11
547 518
548 643 196 13
549 11 31 30
550 9 575
551 644 627
552 309
553 11 13
554 504 9
555 645
556 229
557 9
558 194 107 193 13
559 603
560 295
561 647
562 30 13 27
563 9
564 472 295 648 29 213 20 355 297
565 11 27
566 515
567 338
568 209 13 338 469 461 649 27 30
569 353 10
570 27 263
571 650 309 229 143 651 9 601 129 567
572 11
573 309 107 11 27 9 13 603 12
574 393 13
575 13
576 13 194
577 43 532 9
578 29 295 11 635 541 127
579 213 11 295
580 295
581 653 27 302 316 428
582 654
583 622 624
584 87 655
585 27 357
586 263 285 497 116 117 632
587 12 229
588 78 500 77 155
589 302 229
590 30 28 17 594 234 13 211
591 142
592 656
593 122 9 568
594 255 658 27
595 11 13
596 30 661 50 13 525 660 10 662
597 659 664 663 50 13 660 10 14 30
598 13 665
599 211 338
600 27 666
601 561
602 435 9 668 229 11 438 37
603 13 30
604 670 297
605 229
606 27
607 27 344 567 460
608 13 315 9
609 671
610 9
611 222
612 229 672
613 11
614 9
615 229 130
616 130
617 229 9
618 9 229 11
619 29
620 13 83 30 9
621 9 11 30 87 129
622 545 425 462 171 4 674 673
623 601 263 324 27
624 543 542
625 13
626 9 27 643 675
627 357
628 336
629 229 347
630 30 142
631 347
632 327 122 31 676 677
633 13
634 12 9 171
635 103 11 9 234
636 27
637 229
638 11
639 679 13
640 30
641 27
642 681
643 11 107
644 30
645 208 567 27
646 194 682
647 9
648 431
649 130 566 143
650 27 208 31
651 246
652 11 13
653 357 344
654 27
655 29 297
656 297
657 9
658 685
659 27
660 9
661 548
662 690 686 689 687
663 11
664 27 30
665 347 27
666 309 641 691
667 107 9 692
668 604
669 11 195
670 604 130
671 11 515
672 11 122 12
673 27 143 344
674 27
675 27 344 694
676 4
677 653 695
678 567 208 696
679 402
680 368
681 143 551 255 519
682 9 27
683 171
684 128 130 27
685 128
686 11 263 196 697
687 11 481 647 13
688 107 295 526
689 229
690 309 30 103 173 11
691 9
692 27 556
693 698
694 9 117 116
695 261
696 699
697 285
698 9 344 29
699 370
700 370
701 145
702 143
703 27
704 9
705 10
706 27
707 702
708 222
709 87 575
710 295 9 297 87
711 30
712 29
713 13 27 229 30
714 700
715 499 208
716 11 29
717 297
718 297
719 297
720 297
721 29 297
722 11 29 9
723 29
724 29 402
725 402 297
726 347 297
727 29
728 29
729 11 9 297
730 297
731 29
732 402
733 29
734 29 9
735 297 11
736 297 29 11
737 29 9 11
738 297
739 297 29 703 9 27
740 9 29 11
741 199
742 17 28 7
743 263 11
744 297
745 29
746 29 297
747 402 29
748 29
749 297
750 297
751 246 386 387
752 386 704 705 246
753 29
754 9 11 297
755 29
756 297
757 29
758 29
759 29
760 297
761 11 402 29 297
762 347 11
763 29
764 29
765 347 29
766 29
767 297
768 297
769 297
770 297
771 29
772 11 29 9
773 29
774 297
775 29 297
776 29
777 297 29
778 11 9 297
779 297 9 29
780 29
781 29
782 297
783 29
784 9 11 297
785 347 29
786 29
787 297 29 9
788 213
789 29
790 29 297
791 11 297 9
792 29
793 29
794 347
795 347 297
796 29
797 707
798 9 12 518 10 229 30 708 13
799 199
800 27
801 297
802 29
803 199 297
804 297 199
805 297
806 29
807 297
808 29
809 11 29
810 29
811 11 29
812 116
813 13
814 27
815 709 107
816 297
817 347 27
818 347
819 297
820 11
821 11
822 27
823 13 710 43 9 19 532 107
824 314 711
825 297
826 347
827 107 11
828 556 347 27
829 29
830 297
831 297
832 410 130
833 29 9
834 418
835 87 263 418 9 11
836 370
837 500
838 29 297
839 9
840 19
841 30 143 603 116 9
842 302 714 9 229 10 27 118 11 525
843 117 196
844 715
845 344 31
846 349 13 499 716 107 155
847 718
848 27 719 11
849 511 107 11 550 590 31 116 197 222 720
850 518
851 27
852 721
853 723 314 315 722
854 9
855 607
856 607
857 27
858 27
859 11 393 726 309 30 116 500 658 130 13 270 27 107 255
860 31 519 357 431 347 173 27 211 338
861 546 13 728
862 27
863 142
864 11 729 27
865 77
866 222 116
867 732 733 730
868 734 590 173 196 498 37 9 10 116 229
869 601 127 4
870 669 9 11 193 13
871 9 532
872 29
873 735
874 195 11 13 107
875 347
876 27 344
877 27
878 14 13 50 107
879 255 738
880 27
881 714 229 37 438 116 739 269 83 9 443 30 14 439 498
882 347 9
883 10
884 244
885 130
886 130 257 567 742 229 497 349 83 196 12 27 222 116 741 107 13 11 698 10
887 745 676
888 13 527 528 525
889 596
890 462 674 12 171
891 27
892 347 173 27
893 27
894 439
895 116 107 285
896 43 663 11 211 659 13
897 9
898 198
899 87
900 116
901 157
902 255 11 87 9
903 281 529 309
904 11
905 27 263
906 199
907 499 309
908 9
909 711
910 556
911 27
912 229
913 27 11
914 309 347
915 13
916 31 27 11
917 297
918 173
919 748 87 229
920 27 344
921 753 750 30 257 309 726 312 37 9 454 751 749 525
922 755
923 255
924 27 9 532
925 312 9 758 30 757 401
926 14 13
927 642 498 309
928 347 403
929 27 760
930 12 9 229 116 28 518 463
931 29
932 764 763
933 539
934 13 309 103 173
935 550 31 270 107
936 346 498 81 83 171
937 27
938 27
939 766
940 9
941 30 11 10 229 9 562
942 208 173 13 567 31
943 27
944 27
945 768 767 27
946 27
947 145 30
948 27
949 759
950 27 344
951 30
952 9
953 27
954 27 142 13 344 9
955 27
956 9
957 13
958 754
959 601 772 130 27
960 556
961 669 9 714 229 11 10 13 269
962 10
963 27
964 246
965 9
966 27 9
967 714
968 357 556 43 431
969 11 344 27
970 297
971 297
972 29
973 29
974 29
975 29 9
976 482
977 269 270 712 550 347 31 9 11 173
978 10
979 27
980 195 27 9 679
981 305
982 741
983 27 556 173
984 30
985 17 518 12 11 28
986 116
987 316 27 263
988 27
989 27
990 450 429 344 197 27
991 13
992 116 13
993 31 130
994 776 29
995 263 234 173 31 195
996 777 309 314 117 87 13
997 27
998 9
999 297
1000 295 29
1001 255
1002 263 173
1003 11 9 117 13
1004 29
1005 297
1006 297
1007 297
1008 297
1009 29
1010 297
1011 29
1012 297
1013 297
1014 297
1015 297
1016 29
1017 13 43 11
1018 27
1019 27
1020 9 14 13
1021 347
1022 532
1023 29
1024 9
1025 464 29
1026 116
1027 127 208 779
1028 347 13
1029 642 257 12
1030 11 12 142 257
1031 27
1032 338
1033 312 9 263
1034 9 309
1035 416 13 222
1036 11
1037 780
1038 144
1039 9
1040 347
1041 9 297
1042 297 29
1043 297
1044 297
1045 29
1046 29
1047 29
1048 29
1049 29
1050 116
1051 429 27 567 229 31 13 344 143
1052 130 9 11 13 30
1053 142 782 519
1054 87 575
1055 116 783 30 13 107 27
1056 11 9
1057 145
1058 9
1059 11 9
1060 107
1061 556
1062 13 30 142
1063 9 11
1064 229
1065 519
1066 27
1067 11
1068 27
1069 431
1070 532 11
1071 11
1072 13 786
1073 27
1074 195
1075 9
1076 347
1077 741
1078 11
1079 285
1080 344
1081 27
1082 762 195 145
1083 756 532 27 11 338
1084 27
1085 642 759 788
1086 27
1087 116 13 117
1088 142
1089 11 9
1090 603
1091 790
1092 789
1093 27 11
1094 361 27
1095 11 792 9 27
1096 87 13 11
1097 173 118 107
1098 142 30 11 302 27
1099 532 43 635
1100 9 27 30
1101 519 600
1102 680
1103 627
1104 627 246
1105 627
1106 627
1107 116 9 11 222
1108 107
1109 793 402 77 177
1110 9
1111 9 142 30 741 13 130 229
1112 142 229 741 130 30 13 512
1113 30 9 229 130 741 338 142
1114 741 27 566
1115 13
1116 27
1117 27
1118 13
1119 361
1120 19
1121 9 791
1122 27
1123 11 43 795 87 9 726
1124 347
1125 103
1126 601 27
1127 550 403 27 302
1128 796
1129 11 229 726
1130 338 601 302 797 27 229 130
1131 9 30 13
1132 798 799
1133 4
1134 116
1135 30 309
1136 13
1137 27
1138 525
1139 800 295 29
1140 801 9 402 527 525
1141 30 173 309 195
1142 261
1143 244 9
1144 302 30 27 313
1145 229 27
1146 11 27
1147 13 11
1148 4
1149 13 30 27
1150 11 9 13 525
1151 525 30 27 9 708 600 11
1152 483 27
1153 357 27
1154 803 11 9 708 525 12 663 229 13 27
1155 27 173 605 107 155 103
1156 551
1157 335
1158 519
1159 173 19
1160 708 11 9 130 30 13 128
1161 87 9
1162 29
1163 27
1164 568
1165 314 107 177 13
1166 27
1167 347
1168 199
1169 199
1170 805
1171 199
1172 13
1173 173 103
1174 229
1175 806
1176 309
1177 9 142
1178 130 11 27 229
1179 30 11 87
1180 27
1181 27 482
1182 27 430
1183 11
1184 9 229
1185 13
1186 27
1187 27
1188 27
1189 808
1190 27
1191 809 532 635 118 43
1192 770
1193 770
1194 810
1195 195
1196 27
1197 27
1198 9
1199 309 246
1200 274 9 11
1201 13 208 31
1202 229 27 11
1203 9
1204 27 316 347 107 315
1205 9
1206 482 117
1207 13
1208 27
1209 173 11
1210 29
1211 297
1212 29
1213 29
1214 297
1215 297
1216 297
1217 29
1218 29
1219 338 27 246 554
1220 29
1221 29
1222 347 17
1223 297
1224 13
1225 27
1226 27
1227 809 118
1228 809
1229 813 116
1230 9 118 87
1231 29
1232 29
1233 11 107
1234 116
1235 428 27 197 270 9 316 338 11 556 512 302 146 255
1236 786 142
1237 107
1238 246
1239 222
1240 211 663 659 11
1241 11 30
1242 208 9 11
1243 27
1244 815
1245 13
1246 9
1247 816 9
1248 13 27
1249 566 27
1250 532 222 116 13
1251 676
1252 27
1253 27
1254 13 347
1255 27
1256 107
1257 814
1258 255
1259 9 87
1260 9
1261 13 9
1262 287 146
1263 27
1264 817
1265 269 9 13
1266 388 431 27 246
1267 9
1268 229
1269 211
1270 27
1271 11 9 818 498 116 819 13 12
1272 482 107
1273 429 13 27 229 30
1274 313
1275 820
1276 785
1277 434 9 14 801 608 619 13 30
1278 27
1279 11 30 28 211
1280 347
1281 347 9
1282 347
1283 27
1284 27 87
1285 512
1286 496
1287 27
1288 27
1289 208 27
1290 465
1291 822 9
1292 9 142
1293 27 13
1294 823 13 347 11
1295 429 27 9
1296 9
1297 823 498 525
1298 27
1299 27
1300 824
1301 43 27
1302 9
1303 27 130 9
1304 229 87 116 27
1305 27
1306 116 316 322
1307 30 338 211
1308 756 116 13 532 173 11 43 30 107
1309 30 316 11 741 13 130 27 142
1310 759
1311 347 297
1312 208 27 9 13 107 30 31
1313 9 823 322 117 13
1314 43
1315 498 43 826 31 30 13 708 532 211 9
1316 27
1317 748 9
1318 13
1319 130 601 596 606 566 27
1320 116 13
1321 316 828 27 11
1322 116
1323 29
1324 9
1325 29
1326 29
1327 453 27 759 818 594 255
1328 30
1329 9 309
1330 27 31 30 173
1331 9 12
1332 546 347 117 116
1333 13
1334 532 43
1335 130
1336 9
1337 199
1338 830
1339 199
1340 12
1341 832
1342 199
1343 347
1344 726
1345 144
1346 199
1347 833
1348 790
1349 199
1350 199 822
1351 116
1352 316 142 30 601 835 116 526 146 11
1353 27
1354 107 9 30 498 309
1355 27
1356 246 27
1357 9
1358 556
1359 27
1360 107
1361 30
1362 107
1363 11
1364 29 17
1365 11 9
1366 9
1367 9 130
1368 302 27 556
1369 9 27 566
1370 711 9
1371 347
1372 9
1373 142
1374 13
1375 349
1376 11 87 9
1377 31 302 393 550 30 142 482
1378 11
1379 525
1380 270
1381 27
1382 9
1383 347
1384 316 27 838
1385 13 600 11 546
1386 347 12 315 31 173 316
1387 9 263
1388 12 30 28 118 229 9 823 822 839 708 802
1389 525 823 116
1390 27 211 14 30 525 823 9
1391 30
1392 27
1393 27
1394 27
1395 196
1396 9 840
1397 525
1398 338
1399 309 532
1400 27
1401 487
1402 27
1403 11 27 338
1404 9
1405 556 27 338
1406 27 841
1407 27
1408 13
1409 14 116 839 361 13 819 803 708 726 11 30 749 173
1410 770 146 173
1411 347
1412 842
1413 694 302 843
1414 338 107 27
1415 525
1416 87 312
1417 11
1418 11
1419 4 12 27
1420 27
1421 341
1422 748
1423 107
1424 9 347
1425 788 27 550
1426 302 9
1427 9
1428 845
1429 117
1430 347
1431 27
1432 788
1433 708 9 525
1434 11 9 708
1435 708 12 11 846 803
1436 499 107
1437 13
1438 847
1439 848 9 30
1440 29
1441 29
1442 27
1443 244 773
1444 28
1445 711
1446 600
1447 343 850
1448 116 107 27
1449 741 142 316 601 9 302 27
1450 27
1451 77
1452 30
1453 347 30
1454 302 27 316
1455 9
1456 29
1457 498 13
1458 361
1459 9 27 793 429
1460 309
1461 338
1462 341
1463 27 43 173 9 819 316 31 30
1464 9
1465 27
1466 13 87
1467 9 309
1468 9
1469 255 27 9
1470 30 27 13 532
1471 30
1472 9 27
1473 76
1474 144 487 568 107
1475 30 9 13
1476 27 246 9 526 31 103 759 554 244 854 550 173
1477 27 302 142
1478 13 9
1479 27
1480 13
1481 9
1482 107 855 11 13
1483 9
1484 841 316 27 347
1485 142 43 556
1486 9
1487 30
1488 9
1489 27 11 302 9 30 338
1490 13 600 347
1491 13 856 30
1492 4 27
1493 27
1494 857
1495 13 30
1496 309 13
1497 118 30
1498 270
1499 349
1500 346
1501 196
1502 27 338
1503 741
1504 116
1505 9 255
1506 107 858
1507 27
1508 27
1509 860
1510 9
1511 31 257 862 9
1512 33 177 863 77 13
1513 27
1514 27
1515 9
1516 9
1517 116 371 142 347
1518 173 107 27 13 9
1519 27
1520 27
1521 27
1522 9
1523 117 116 27
1524 13
1525 27
1526 27
1527 27
1528 619
1529 30
1530 103 27 13 361
1531 27
1532 27
1533 127 107 349 864
1534 142 27 302
1535 9 316
1536 866 807 566 302
1537 9
1538 11 107 116 76 13
1539 867 43 794 316
1540 763
1541 27 13 30 173 338
1542 566
1543 107 9 30
1544 868
1545 27
1546 859
1547 482 9
1548 130
1549 816
1550 859
1551 347 9
1552 127
1553 315 13 14 708
1554 43
1555 313
1556 30
1557 870 30 27
1558 668 556
1559 9
1560 270 31
1561 873 13 199 874 872 211 875 198
1562 30 13 27
1563 13 641
1564 27
1565 13 347 116 173 27
1566 877 9
1567 27
1568 13 30 171 11
1569 30
1570 116
1571 429
1572 9 878
1573 9 347
1574 9
1575 880 882 87 881
1576 107
1577 499
1578 27 316
1579 107
1580 9 13 27
1581 116 30 11 9 13
1582 9 525
1583 525 9
1584 9
1585 14 116 27
1586 844 9
1587 556
1588 338
1589 9
1590 27 316
1591 4
1592 884
1593 498 9 794
1594 302 27 810 30
1595 885 886 600 118
1596 145 361 887
1597 30
1598 9
1599 30 9 142 498
1600 9
1601 27
1602 155
1603 9
1604 239
1605 30 9
1606 13
1607 9
1608 107 208 499 318
1609 338 31 107
1610 9
1611 9
1612 27
1613 9 793
1614 27
1615 118 826
1616 9
1617 600
1618 27
1619 29
1620 27
1621 13 11 30
1622 31 499 103 107 429 641 347 27
1623 146
1624 512 9 27
1625 13
1626 600 27
1627 4
1628 116
1629 107
1630 239 146 27
1631 13
1632 9 11
1633 107
1634 116 27 13
1635 708 30 43
1636 302 27
1637 893 107 142 13 498 11 726 9 27 894 641
1638 338
1639 601 13 807 14 27 211 896 130 316 208 31 895 550 30
1640 211
1641 302
1642 11 27 9 30 17 485
1643 27 236
1644 708
1645 498 9
1646 30
1647 13
1648 11
1649 566 130 208
1650 29
1651 11 9
1652 9
1653 11 488 144 487 568
1654 9
1655 118
1656 877 30 13 726 343
1657 663 211 30 898 659
1658 347
1659 130
1660 239 808
1661 901 885 900 14 285 894 842 726 9 831
1662 831 839 27 11 708 846
1663 27
1664 83 27
1665 13
1666 27
1667 116 709
1668 499
1669 338
1670 30 107 43 116 532
1671 196
1672 142 316 30
1673 902 28
1674 27 30
1675 239 338
1676 498
1677 668 347
1678 9 30
1679 601
1680 142
1681 27
1682 818 314 173 315 313 142 309 844 30
1683 116
1684 814
1685 27 903 338 302
1686 268
1687 30
1688 429
1689 905
1690 270
1691 314
1692 885 199 894 211 899 659 900 11 361 14 803 897 660 663 726 30
1693 302 27
1694 497 601 30 117 797 116 13 142
1695 77 532
1696 498
1697 600 11 659
1698 27
1699 13
1700 498
1701 908 906 173 907
1702 555 802 9 532 11
1703 909
1704 27
1705 302 13 27
1706 116
1707 107
1708 107 318
1709 77 107 27
1710 11 886 802 663 708
1711 27
1712 27 31
1713 27
1714 28 27
1715 910
1716 498
1717 302
1718 30
1719 9
1720 43 793 270
1721 302 27 316 13
1722 9 793
1723 911 13 27 30 808
1724 807
1725 27
1726 255
1727 27
1728 239
1729 31
1730 498
1731 30 560
1732 27
1733 429
1734 27
1735 107
1736 27
1737 30 9
1738 30
1739 886 11
1740 30
1741 257
1742 270
1743 419 110
1744 43
1745 316 27
1746 914
1747 27
1748 361 30 211 498 107 726 749 269 13 11 116
1749 915 27
1750 144 568
1751 13 116
1752 244 605 539 611 916 17
1753 116
1754 30
1755 9 918
1756 13
1757 107 13
1758 13 142 27 255 302
1759 30
1760 13
1761 30
1762 27
1763 27 11
1764 568 488 118
1765 27
1766 255
1767 107
1768 116
1769 116 434 349 30 13 498
1770 27
1771 808 316
1772 14
1773 601 27
1774 741 27
1775 116
1776 107
1777 27
1778 27
1779 532
1780 9 269
1781 27
1782 13 9 663 12 498 116
1783 12 30 663 13 498
1784 27
1785 107
1786 9 27
1787 9
1788 211 116
1789 27
1790 27
1791 919 532 13 793
1792 532
1793 9
1794 239
1795 27
1796 30
1797 27
1798 920
1799 27
1800 9 726
1801 211 13
1802 116 13 663 9 498 708 11 30
1803 27
1804 9
1805 27
1806 315
1807 512 316 302
1808 11 9 30
1809 498 12 9 30 726
1810 30 27
1811 498 116
1812 31 27
1813 30
1814 891 27
1815 30
1816 893
1817 107
1818 13
1819 13
1820 921
1821 43 13 532 116
1822 211
1823 619 434
1824 43
1825 498 726 116 269 13 127 9
1826 13 30
1827 13
1828 922
1829 13
1830 30 116
1831 13
1832 758 107
1833 532
1834 30
1835 27
1836 107
1837 349
1838 27 30 13 498 107
1839 27
1840 13 30 230 601
1841 30
1842 27 487
1843 601 532 924 923
1844 13
1845 9
1846 11 9 708
1847 750
1848 926 735 925
1849 107
1850 825
1851 9 244 450 17
1852 31
1853 30
1854 886
1855 30 9
1856 708 846 842 11
1857 708 31 77 270 891
1858 929
1859 239
1860 239
1861 239
1862 641
1863 11
1864 914
1865 788 498 642
1866 930
1867 27
1868 107 13
1869 107 27
1870 12 9 498 30 13
1871 769
1872 9
1873 316 758 532
1874 27
1875 349
1876 11
1877 13 532
1878 876
1879 27
1880 107
1881 116 13 270
1882 116
1883 30
1884 127
1885 13
1886 30 13 393
1887 27
1888 318 107 349
1889 30
1890 361 27 11
1891 117 13
1892 931 301
1893 499 77 641 107
1894 270
1895 13 27
1896 813 27
1897 13
1898 928
1899 568 144 487
1900 797
1901 30 13
1902 30
1903 107 349 318
1904 31 27
1905 318
1906 933 27 13 107
1907 316
1908 43 27 532
1909 43 532 800 798
1910 316
1911 9
1912 13 107
1913 27
1914 27
1915 316
1916 27 566
1917 239
1918 239
1919 239 870 934
1920 30
1921 316
1922 13 27
1923 27
1924 27
1925 107 11
1926 498
1927 116 11
1928 813 316 27
1929 316
1930 27
1931 349
1932 30
1933 13
1934 27 31
1935 255
1936 43 532 316 512
1937 31 532 107
1938 27 13
1939 27
1940 116
1941 31
1942 302 27
1943 27
1944 27
1945 107
1946 11
1947 9
1948 27
1949 30 13
1950 13 893
1951 17
1952 13
1953 936 316
1954 499
1955 107
1956 13
1957 318 13 641 498 107
1958 107 793
1959 13
1960 27
1961 566 13 30 239 601 741 27 316 937
1962 27
1963 239 30
1964 31 103 27
1965 30
1966 9
1967 107
1968 13
1969 30
1970 27
1971 601
1972 30
1973 107
1974 791
1975 27
1976 4
1977 302 316 30
1978 27 302
1979 27
1980 270
1981 13
1982 27
1983 43
1984 532
1985 938 30 27 107
1986 30
1987 683
1988 107 27 31
1989 11 127
1990 30
1991 532
1992 30
1993 17 419 27 11
1994 27
1995 27 285
1996 27
1997 600
1998 893
1999 239 30
2000 13 30
2001 887
2002 9
2003 498
2004 566
2005 27
2006 27
2007 316 866 127
2008 13 30
2009 107
2010 566
2011 107 17 361 13
2012 27
2013 27 940
2014 27
2015 940
2016 30 601 13 27 239 130 566
2017 393 27 937 897 103 211 43
2018 13
2019 127
2020 941
2021 27
2022 107
2023 30 107
2024 11
2025 318 107
2026 43
2027 767 27 13
2028 498
2029 9
2030 302 27 287
2031 30 9
2032 316 239 27
2033 13 30
2034 27 30 31 316 694
2035 13
2036 600
2037 13
2038 13
2039 27 13 566
2040 239
2041 349
2042 887 600
2043 107 13 498
2044 116
2045 694 866 144 487
2046 27
2047 600
2048 30 27
2049 30
2050 30
2051 30 13
2052 43
2053 11
2054 27
2055 393 270 27 11 107 142 30 13
2056 943
2057 27
2058 27
2059 27
2060 811
2061 27
2062 211
2063 30 13 117 116
2064 600 750
2065 27
2066 27
2067 826
2068 944 27
2069 27
2070 236
2071 532 30
2072 927 13
2073 11 13 659 199 434 211
2074 27
2075 107
2076 116
2077 945
2078 27
2079 27
2080 27
2081 895
2082 866
2083 11 30
2084 27
2085 419
2086 600
2087 27
2088 239
2089 316
2090 935
2091 302 13 27 30
2092 318 31 854 946 77
2093 77 31 750 946
2094 27
2095 30 13
2096 30
2097 30
2098 107
2099 887
2100 9
2101 116
2102 793
2103 947 419 767 27
2104 948
2105 11 107
2106 30
2107 27
2108 30
2109 27 30 897
2110 107
2111 829
2112 11
2113 27
2114 27
2115 27
2116 9
2117 116
2118 27
2119 17
2120 211
2121 642
2122 9
2123 31
2124 949
2125 27
2126 103 31 361
2127 107
2128 13
2129 763
2130 641 498
2131 914 27
2132 30
2133 27
2134 854 498 13 107 946
2135 27
2136 13
2137 27
2138 30
2139 13
2140 27
2141 27 947
2142 103 43 30 285 13 498 31
2143 600
2144 30 236
2145 11
2146 27
2147 30
2148 532
2149 13
2150 13
2151 13
2152 769
2153 316
2154 600
2155 829 118 43
2156 30 13
2157 27
2158 13
2159 811 793 532 393 318
2160 31
2161 9 499 11 107
2162 30 27
2163 13
2164 30 13
2165 144 611 118 498 31 925 568
2166 27
2167 27 239
2168 30
2169 27 316
2170 600
2171 116
2172 600 13
2173 116
2174 107
2175 27
2176 107
2177 270 13 31 27 741
2178 27 498
2179 30
2180 13
2181 601 767 107 797 30
2182 27
2183 532
2184 30
2185 27
2186 30
2187 349
2188 498
2189 361
2190 107 30 13
2191 866 107 13 498 4
2192 116
2193 30 27 566
2194 107 30
2195 13
2196 27
2197 27 30
2198 600
2199 27
2200 239
2201 27
2202 30
2203 349
2204 498 953
2205 43
2206 954
2207 27 600
2208 27
2209 27
2210 107
2211 30 27
2212 27
2213 498 854
2214 13
2215 27 813
2216 919
2217 27
2218 30
2219 30 13
2220 27
2221 600
2222 566
2223 31 107
2224 13
2225 27 316
2226 955
2227 30 116
2228 27
2229 566
2230 935
2231 316
2232 116 13 30 107
2233 498 30 107
2234 30
2235 813 30
2236 30 316 103
2237 866 811 566 239
2238 498 30
2239 30 239 641
2240 285
2241 27 30
2242 27 107
2243 103
2244 694
2245 27 866
2246 17
2247 27
2248 27
2249 895 27
2250 103
2251 793 30
2252 822
2253 30 498 316 107 895 118
2254 244
2255 568 487 144
2256 30 498
2257 454
2258 30 27
2259 30 27
2260 107
2261 30 659
2262 566
2263 895
2264 30
2265 27
2266 107
2267 107
2268 239
2269 27
2270 910
2271 498 107
2272 866
2273 27
2274 27
2275 30 27 498
2276 27
2277 947
2278 27
2279 285
2280 601
2281 27
2282 27
2283 498
2284 107
2285 239 27
2286 30 498
2287 498 30
2288 601
